First-come first-served,,
"PID","Burst","Priority","Arrival","Start","Finish","Wait","Response","Turnaround"
801,30,43,5,38,38,67,0,0,30
802,19,84,0,51,68,86,17,17,36
803,39,78,4,91,91,129,0,0,39
804,13,33,6,140,140,152,0,0,13
805,18,35,5,165,165,182,0,0,18
806,38,27,2,187,187,224,0,0,38
807,60,49,4,196,225,284,29,29,89
808,45,52,1,206,285,329,79,79,124
809,35,48,3,246,330,364,84,84,119
810,1,49,9,262,365,365,103,103,104
811,32,64,0,308,366,397,58,58,90
812,11,44,7,319,398,408,79,79,90
813,25,53,1,326,409,433,83,83,108
814,5,19,0,354,434,438,80,80,85
815,1,36,6,368,439,439,71,71,72
816,20,37,3,398,440,459,42,42,62
817,8,45,7,428,460,467,32,32,40
818,1,63,4,440,468,468,28,28,29
819,57,32,2,488,488,544,0,0,57
820,51,0,3,515,545,595,30,30,81
821,13,32,4,537,596,608,59,59,72
822,12,49,7,585,609,620,24,24,36
823,38,44,5,606,621,658,15,15,53
824,26,18,4,615,659,684,44,44,70
825,8,65,9,621,685,692,64,64,72
826,31,6,6,665,693,723,28,28,59
827,17,26,7,689,724,740,35,35,52
828,22,60,5,698,741,762,43,43,65
829,27,30,7,739,763,789,24,24,51
830,44,42,2,771,790,833,19,19,63
831,45,42,2,814,834,878,20,20,65
832,65,24,9,822,879,943,57,57,122
833,43,21,2,868,944,986,76,76,119
834,1,22,9,893,987,987,94,94,95
835,29,40,3,925,988,1016,63,63,92
836,1,34,1,964,1017,1017,53,53,54
837,12,38,4,1005,1018,1029,13,13,25
838,1,23,0,1020,1030,1030,10,10,11
839,23,0,0,1065,1065,1087,0,0,23
840,31,39,4,1110,1110,1140,0,0,31
841,7,26,5,1140,1141,1147,1,1,8
842,24,46,8,1145,1148,1171,3,3,27
843,29,23,7,1163,1172,1200,9,9,38
844,19,53,4,1170,1201,1219,31,31,50
845,28,53,2,1175,1220,1247,45,45,73
846,11,51,0,1181,1248,1258,67,67,78
847,1,8,0,1183,1259,1259,76,76,77
848,14,24,4,1192,1260,1273,68,68,82
849,19,77,1,1221,1274,1292,53,53,72
850,23,65,7,1242,1293,1315,51,51,74
851,33,27,4,1288,1316,1348,28,28,61
852,1,62,2,1334,1349,1349,15,15,16
853,25,54,4,1383,1383,1407,0,0,25
854,11,44,4,1429,1429,1439,0,0,11
855,1,57,2,1448,1448,1448,0,0,1
856,1,41,2,1469,1469,1469,0,0,1
857,28,33,8,1480,1480,1507,0,0,28
858,47,12,6,1483,1508,1554,25,25,72
859,30,45,2,1529,1555,1584,26,26,56
860,14,56,9,1542,1585,1598,43,43,57
861,40,44,2,1573,1599,1638,26,26,66
862,15,35,7,1612,1639,1653,27,27,42
863,15,37,1,1640,1654,1668,14,14,29
864,19,36,0,1641,1669,1687,28,28,47
865,23,45,3,1686,1688,1710,2,2,25
866,30,76,3,1702,1711,1740,9,9,39
867,1,15,1,1702,1741,1741,39,39,40
868,35,32,1,1749,1749,1783,0,0,35
869,25,26,1,1764,1784,1808,20,20,45
870,23,65,0,1770,1809,1831,39,39,62
871,24,15,5,1789,1832,1855,43,43,67
872,1,28,4,1797,1856,1856,59,59,60
873,41,51,5,1799,1857,1897,58,58,99
874,8,39,6,1847,1898,1905,51,51,59
875,37,65,5,1852,1906,1942,54,54,91
876,13,48,4,1856,1943,1955,87,87,100
877,29,29,6,1873,1956,1984,83,83,112
878,1,66,4,1894,1985,1985,91,91,92
879,12,41,7,1905,1986,1997,81,81,93
880,13,35,2,1911,1998,2010,87,87,100
881,1,41,6,1958,2011,2011,53,53,54
882,5,38,6,1993,2012,2016,19,19,24
883,21,0,3,2018,2018,2038,0,0,21
884,33,44,4,2048,2048,2080,0,0,33
885,20,26,4,2081,2081,2100,0,0,20
886,35,34,7,2129,2129,2163,0,0,35
887,50,10,1,2142,2164,2213,22,22,72
888,20,68,3,2184,2214,2233,30,30,50
889,10,56,2,2193,2234,2243,41,41,51
890,16,27,6,2223,2244,2259,21,21,37
891,1,43,0,2248,2260,2260,12,12,13
892,4,54,9,2260,2261,2264,1,1,5
893,7,38,3,2269,2269,2275,0,0,7
894,20,92,1,2273,2276,2295,3,3,23
895,24,47,8,2284,2296,2319,12,12,36
896,1,40,4,2287,2320,2320,33,33,34
897,27,28,4,2314,2321,2347,7,7,34
898,17,34,7,2357,2357,2373,0,0,17
899,31,6,0,2380,2380,2410,0,0,31
900,35,47,5,2384,2411,2445,27,27,62
901,30,32,4,2425,2446,2475,21,21,51
902,29,21,1,2451,2476,2504,25,25,54
903,1,39,4,2488,2505,2505,17,17,18
904,46,31,1,2499,2506,2551,7,7,53
905,1,53,2,2513,2552,2552,39,39,40
906,36,23,8,2533,2553,2588,20,20,56
907,24,62,1,2582,2589,2612,7,7,31
908,1,0,7,2597,2613,2613,16,16,17
909,13,41,9,2599,2614,2626,15,15,28
910,3,30,2,2603,2627,2629,24,24,27
911,24,25,9,2638,2638,2661,0,0,24
912,1,0,0,2638,2662,2662,24,24,25
913,1,34,5,2642,2663,2663,21,21,22
914,10,33,6,2649,2664,2673,15,15,25
915,54,53,3,2685,2685,2738,0,0,54
916,1,57,6,2715,2739,2739,24,24,25
917,25,47,5,2748,2748,2772,0,0,25
918,10,36,3,2791,2791,2800,0,0,10
919,24,57,0,2828,2828,2851,0,0,24
920,1,64,9,2851,2852,2852,1,1,2
921,58,0,6,2880,2880,2937,0,0,58
922,43,0,2,2880,2938,2980,58,58,101
923,1,31,6,2897,2981,2981,84,84,85
924,31,28,1,2906,2982,3012,76,76,107
925,13,46,6,2919,3013,3025,94,94,107
926,37,58,3,2960,3026,3062,66,66,103
927,11,42,6,2970,3063,3073,93,93,104
928,4,24,2,3015,3074,3077,59,59,63
929,5,48,4,3050,3078,3082,28,28,33
930,20,36,4,3062,3083,3102,21,21,41
931,29,52,0,3065,3103,3131,38,38,67
932,25,69,7,3086,3132,3156,46,46,71
933,12,45,0,3127,3157,3168,30,30,42
934,17,22,5,3162,3169,3185,7,7,24
935,26,47,6,3209,3209,3234,0,0,26
936,7,74,7,3230,3235,3241,5,5,12
937,36,37,2,3243,3243,3278,0,0,36
938,1,39,4,3270,3279,3279,9,9,10
939,3,58,9,3302,3302,3304,0,0,3
940,49,7,6,3316,3316,3364,0,0,49
941,13,53,4,3316,3365,3377,49,49,62
942,15,29,5,3342,3378,3392,36,36,51
943,46,77,1,3344,3393,3438,49,49,95
944,29,15,5,3368,3439,3467,71,71,100
945,34,31,9,3396,3468,3501,72,72,106
946,12,49,8,3442,3502,3513,60,60,72
947,17,28,4,3450,3514,3530,64,64,81
948,31,58,3,3481,3531,3561,50,50,81
949,59,20,3,3526,3562,3620,36,36,95
950,28,86,0,3551,3621,3648,70,70,98
,,,,,,,,
,,,,,Min,0,0,1
,,,,,Mean,32.15,32.15,53.45
,,,,,Max,103,103,124
,,,,,StdDev,28.67,28.67,30.98
