First-come first-served,,
"PID","Burst","Priority","Arrival","Start","Finish","Wait","Response","Turnaround"
1701,90,43,5,38,38,127,0,0,90
1702,79,84,0,51,128,206,77,77,156
1703,99,78,4,91,207,305,116,116,215
1704,73,33,6,140,306,378,166,166,239
1705,78,35,5,165,379,456,214,214,292
1706,98,27,2,187,457,554,270,270,368
1707,100,49,4,196,555,654,359,359,459
1708,100,52,1,206,655,754,449,449,549
1709,95,48,3,246,755,849,509,509,604
1710,55,49,9,262,850,904,588,588,643
1711,92,64,0,308,905,996,597,597,689
1712,71,44,7,319,997,1067,678,678,749
1713,85,53,1,326,1068,1152,742,742,827
1714,65,19,0,354,1153,1217,799,799,864
1715,40,36,6,368,1218,1257,850,850,890
1716,80,37,3,398,1258,1337,860,860,940
1717,68,45,7,428,1338,1405,910,910,978
1718,60,63,4,440,1406,1465,966,966,1026
1719,100,32,2,488,1466,1565,978,978,1078
1720,100,0,3,515,1566,1665,1051,1051,1151
1721,73,32,4,537,1666,1738,1129,1129,1202
1722,72,49,7,585,1739,1810,1154,1154,1226
1723,98,44,5,606,1811,1908,1205,1205,1303
1724,86,18,4,615,1909,1994,1294,1294,1380
1725,68,65,9,621,1995,2062,1374,1374,1442
1726,91,6,6,665,2063,2153,1398,1398,1489
1727,77,26,7,689,2154,2230,1465,1465,1542
1728,82,60,5,698,2231,2312,1533,1533,1615
1729,87,30,7,739,2313,2399,1574,1574,1661
1730,100,42,2,771,2400,2499,1629,1629,1729
1731,100,42,2,814,2500,2599,1686,1686,1786
1732,100,24,9,822,2600,2699,1778,1778,1878
1733,100,21,2,868,2700,2799,1832,1832,1932
1734,56,22,9,893,2800,2855,1907,1907,1963
1735,89,40,3,925,2856,2944,1931,1931,2020
1736,56,34,1,964,2945,3000,1981,1981,2037
1737,72,38,4,1005,3001,3072,1996,1996,2068
1738,46,23,0,1020,3073,3118,2053,2053,2099
1739,83,0,0,1065,3119,3201,2054,2054,2137
1740,91,39,4,1110,3202,3292,2092,2092,2183
1741,67,26,5,1140,3293,3359,2153,2153,2220
1742,84,46,8,1145,3360,3443,2215,2215,2299
1743,89,23,7,1163,3444,3532,2281,2281,2370
1744,79,53,4,1170,3533,3611,2363,2363,2442
1745,88,53,2,1175,3612,3699,2437,2437,2525
1746,71,51,0,1181,3700,3770,2519,2519,2590
1747,57,8,0,1183,3771,3827,2588,2588,2645
1748,74,24,4,1192,3828,3901,2636,2636,2710
1749,79,77,1,1221,3902,3980,2681,2681,2760
1750,83,65,7,1242,3981,4063,2739,2739,2822
1751,93,27,4,1288,4064,4156,2776,2776,2869
1752,52,62,2,1334,4157,4208,2823,2823,2875
1753,85,54,4,1383,4209,4293,2826,2826,2911
1754,71,44,4,1429,4294,4364,2865,2865,2936
1755,41,57,2,1448,4365,4405,2917,2917,2958
1756,41,41,2,1469,4406,4446,2937,2937,2978
1757,88,33,8,1480,4447,4534,2967,2967,3055
1758,100,12,6,1483,4535,4634,3052,3052,3152
1759,90,45,2,1529,4635,4724,3106,3106,3196
1760,74,56,9,1542,4725,4798,3183,3183,3257
1761,100,44,2,1573,4799,4898,3226,3226,3326
1762,75,35,7,1612,4899,4973,3287,3287,3362
1763,75,37,1,1640,4974,5048,3334,3334,3409
1764,79,36,0,1641,5049,5127,3408,3408,3487
1765,83,45,3,1686,5128,5210,3442,3442,3525
1766,90,76,3,1702,5211,5300,3509,3509,3599
1767,35,15,1,1702,5301,5335,3599,3599,3634
1768,95,32,1,1749,5336,5430,3587,3587,3682
1769,85,26,1,1764,5431,5515,3667,3667,3752
1770,83,65,0,1770,5516,5598,3746,3746,3829
1771,84,15,5,1789,5599,5682,3810,3810,3894
1772,55,28,4,1797,5683,5737,3886,3886,3941
1773,100,51,5,1799,5738,5837,3939,3939,4039
1774,68,39,6,1847,5838,5905,3991,3991,4059
1775,97,65,5,1852,5906,6002,4054,4054,4151
1776,73,48,4,1856,6003,6075,4147,4147,4220
1777,89,29,6,1873,6076,6164,4203,4203,4292
1778,50,66,4,1894,6165,6214,4271,4271,4321
1779,72,41,7,1905,6215,6286,4310,4310,4382
1780,73,35,2,1911,6287,6359,4376,4376,4449
1781,55,41,6,1958,6360,6414,4402,4402,4457
1782,65,38,6,1993,6415,6479,4422,4422,4487
1783,81,0,3,2018,6480,6560,4462,4462,4543
1784,93,44,4,2048,6561,6653,4513,4513,4606
1785,80,26,4,2081,6654,6733,4573,4573,4653
1786,95,34,7,2129,6734,6828,4605,4605,4700
1787,100,10,1,2142,6829,6928,4687,4687,4787
1788,80,68,3,2184,6929,7008,4745,4745,4825
1789,70,56,2,2193,7009,7078,4816,4816,4886
1790,76,27,6,2223,7079,7154,4856,4856,4932
1791,51,43,0,2248,7155,7205,4907,4907,4958
1792,64,54,9,2260,7206,7269,4946,4946,5010
1793,67,38,3,2269,7270,7336,5001,5001,5068
1794,80,92,1,2273,7337,7416,5064,5064,5144
1795,84,47,8,2284,7417,7500,5133,5133,5217
1796,60,40,4,2287,7501,7560,5214,5214,5274
1797,87,28,4,2314,7561,7647,5247,5247,5334
1798,77,34,7,2357,7648,7724,5291,5291,5368
1799,91,6,0,2380,7725,7815,5345,5345,5436
1800,95,47,5,2384,7816,7910,5432,5432,5527
1801,90,32,4,2425,7911,8000,5486,5486,5576
1802,89,21,1,2451,8001,8089,5550,5550,5639
1803,55,39,4,2488,8090,8144,5602,5602,5657
1804,100,31,1,2499,8145,8244,5646,5646,5746
1805,49,53,2,2513,8245,8293,5732,5732,5781
1806,96,23,8,2533,8294,8389,5761,5761,5857
1807,84,62,1,2582,8390,8473,5808,5808,5892
1808,51,0,7,2597,8474,8524,5877,5877,5928
1809,73,41,9,2599,8525,8597,5926,5926,5999
1810,63,30,2,2603,8598,8660,5995,5995,6058
1811,84,25,9,2638,8661,8744,6023,6023,6107
1812,58,0,0,2638,8745,8802,6107,6107,6165
1813,48,34,5,2642,8803,8850,6161,6161,6209
1814,70,33,6,2649,8851,8920,6202,6202,6272
1815,100,53,3,2685,8921,9020,6236,6236,6336
1816,56,57,6,2715,9021,9076,6306,6306,6362
1817,85,47,5,2748,9077,9161,6329,6329,6414
1818,70,36,3,2791,9162,9231,6371,6371,6441
1819,84,57,0,2828,9232,9315,6404,6404,6488
1820,50,64,9,2851,9316,9365,6465,6465,6515
1821,100,0,6,2880,9366,9465,6486,6486,6586
1822,100,0,2,2880,9466,9565,6586,6586,6686
1823,50,31,6,2897,9566,9615,6669,6669,6719
1824,91,28,1,2906,9616,9706,6710,6710,6801
1825,73,46,6,2919,9707,9779,6788,6788,6861
1826,97,58,3,2960,9780,9876,6820,6820,6917
1827,71,42,6,2970,9877,9947,6907,6907,6978
1828,64,24,2,3015,9948,10011,6933,6933,6997
1829,65,48,4,3050,10012,10076,6962,6962,7027
1830,80,36,4,3062,10077,10156,7015,7015,7095
1831,89,52,0,3065,10157,10245,7092,7092,7181
1832,85,69,7,3086,10246,10330,7160,7160,7245
1833,72,45,0,3127,10331,10402,7204,7204,7276
1834,77,22,5,3162,10403,10479,7241,7241,7318
1835,86,47,6,3209,10480,10565,7271,7271,7357
1836,67,74,7,3230,10566,10632,7336,7336,7403
1837,96,37,2,3243,10633,10728,7390,7390,7486
1838,52,39,4,3270,10729,10780,7459,7459,7511
1839,63,58,9,3302,10781,10843,7479,7479,7542
1840,100,7,6,3316,10844,10943,7528,7528,7628
1841,73,53,4,3316,10944,11016,7628,7628,7701
1842,75,29,5,3342,11017,11091,7675,7675,7750
1843,100,77,1,3344,11092,11191,7748,7748,7848
1844,89,15,5,3368,11192,11280,7824,7824,7913
1845,94,31,9,3396,11281,11374,7885,7885,7979
1846,72,49,8,3442,11375,11446,7933,7933,8005
1847,77,28,4,3450,11447,11523,7997,7997,8074
1848,91,58,3,3481,11524,11614,8043,8043,8134
1849,100,20,3,3526,11615,11714,8089,8089,8189
1850,88,86,0,3551,11715,11802,8164,8164,8252
,,,,,,,,
,,,,,Min,0,0,90
,,,,,Mean,4078.47,4078.47,4156.90
,,,,,Max,8164,8164,8252
,,,,,StdDev,?,?,?
